
begin remote

  name  PI
  flags RAW_CODES
  eps            30
  aeps          100

  gap          450
  frequency    38000

      begin raw_codes

        name DRY_AUTO_18
4437 4422 563 1596 565 1597 563 1599 561 1613 558 526 564 536 565 1596 564 522 568 517 562 523 567 518 562 524 566 1616 567 1593 565 520 559 1602 559 526 563 557 533 522 568 534 567 518 561 523 567 1604 567 1596 565 1599 583 1594 619 1543 564 1597 563 1599 562 1600 560 535 565 520 560 526 563 560 531 526 564 530 560 525 565 547 533 524 566 1595 565 532 569 516 563 522 568 1603 568 518 562 524 566 537 563 522 558 565 536 521 558 542 559 526 565 520 559 528 562 1597 564 521 558 533 568 517 563 528 562 523 567 518 562 558 532 518 561 523 567 545 534 523 567 564 537 1596 564 522 569 516 564 1597 563 1599 561 5626 4432 4417 568 1596 565 1595 565 1596 563 1599 562 539 562 524 567 1594 566 520 559 554 537 528 562 523 568 535 567 1594 567 1598 563 521 559 1603 568 518 562 524 566 538 564 522 558 531 559 549 541 1602 569 1594 567 1595 565 1597 564 1612 559 1602 569 1593 568 1606 565 520 563 550 537 565 536 549 541 516 563 533 568 517 563 522 568 530 560 1600 561 526 563 522 558 554 536 1598 563 523 567 565 536 549 546 539 535 522 568 522 558 554 535 523 558 567 534 551 539 1594 566 519 561 551 539 527 563 564 537 548 531 554 537 521 559 553 537 549 531 561 530 552 538 562 539 1594 566 520 560 561 540 1594 567 1596 566 13949 
        name DRY_AUTO_19
4432 4424 561 1602 559 1607 564 1594 566 1596 564 522 568 517 562 1599 562 524 568 534 565 520 559 530 560 552 538 1596 564 1597 563 523 567 1609 561 524 566 520 560 560 530 527 563 541 560 524 566 1595 567 1598 560 1606 564 1598 562 1616 567 1601 564 1595 561 1602 559 528 562 523 567 519 561 525 568 551 538 519 560 544 567 516 563 522 568 1593 568 525 565 521 558 1601 559 537 564 521 558 527 563 522 558 527 563 526 564 534 546 569 532 530 562 520 559 533 570 1590 567 518 561 553 537 530 565 520 565 520 560 525 565 556 537 545 542 546 534 568 533 525 565 1616 546 528 563 547 540 519 561 1613 569 1594 567 5610 4438 4430 566 1594 566 1603 568 1594 570 1592 564 522 568 531 559 1602 569 517 563 522 568 555 535 527 563 526 565 1596 564 1597 563 523 567 1594 566 533 558 551 539 537 564 521 558 554 536 532 558 1603 568 1598 564 1595 564 1613 567 1594 566 1607 565 1601 559 1599 561 525 565 567 534 524 566 547 533 553 538 520 563 550 538 547 532 568 533 1601 560 527 563 554 537 1597 567 519 568 559 531 527 563 549 541 516 563 549 530 560 541 544 535 539 562 551 540 547 533 1609 562 525 566 547 532 566 535 550 540 517 562 554 537 554 540 545 531 526 564 565 536 550 541 1599 562 525 566 547 533 553 539 1596 564 1614 568 13949 
        name DRY_AUTO_20
4427 4429 567 1598 562 1597 564 1599 562 1600 560 527 563 522 569 1593 567 517 561 539 562 523 567 524 566 519 561 1603 568 1609 562 523 567 1594 566 520 560 526 564 526 564 521 558 546 567 517 562 1600 558 1602 570 1601 559 1601 570 1612 559 1603 568 1594 567 1595 565 521 569 516 565 524 565 522 557 541 559 525 572 525 559 525 565 520 560 1602 561 539 560 526 564 1597 564 1598 562 532 569 517 563 523 568 532 568 522 559 532 568 517 563 526 564 528 563 522 568 1593 567 518 561 524 566 522 568 517 563 522 568 530 560 525 566 519 560 525 565 526 563 521 560 1615 567 1596 565 521 558 527 563 1601 559 1599 562 5622 4439 4415 567 1605 565 1593 567 1595 565 1611 560 526 564 521 558 1604 567 518 562 523 567 523 568 518 562 534 567 1594 566 1599 561 522 569 1592 568 524 566 519 561 539 562 523 567 518 562 524 567 1593 567 1596 565 1614 557 1597 564 1615 556 1602 569 1593 567 1595 566 531 560 526 565 520 559 542 559 526 564 521 559 534 567 520 560 523 567 1598 563 535 566 519 560 1607 564 1598 563 524 566 519 560 525 565 535 566 518 561 524 566 525 565 520 560 544 568 517 562 1598 562 524 566 526 564 522 558 526 564 529 561 524 567 519 561 524 566 519 561 523 567 521 559 1601 561 1601 570 530 560 526 564 1600 560 1598 563 13949 
        name DRY_AUTO_21
4439 4409 564 1601 560 1599 561 1601 559 1603 568 518 562 539 573 1590 559 525 567 527 561 534 557 564 545 510 561 1599 562 1600 560 526 564 1597 563 531 559 526 564 527 563 522 558 531 561 521 569 1591 568 1595 619 1546 561 1603 568 1609 562 1600 560 1602 569 1593 567 518 561 525 567 529 560 525 567 528 561 524 566 518 561 524 566 556 534 1600 561 544 568 1593 567 518 561 524 566 550 541 517 562 523 567 522 558 562 538 521 561 531 557 554 536 522 558 546 565 1596 565 524 555 527 563 528 562 523 567 518 561 536 565 547 532 526 564 521 559 559 531 1605 557 527 562 561 540 518 561 523 567 1594 567 1595 565 5607 4441 4422 562 1598 562 1607 566 1597 562 1600 560 541 560 526 565 1596 564 522 572 525 563 523 567 533 558 527 563 1597 563 1608 563 523 571 1592 565 519 561 538 563 522 568 544 535 523 568 553 537 1599 561 1598 563 1600 561 1612 559 1603 568 1594 567 1594 565 1604 567 519 561 525 565 520 560 567 534 548 532 526 564 521 559 535 566 519 561 1600 561 544 568 1593 568 528 562 522 568 517 563 538 563 552 538 519 560 524 566 526 567 518 559 543 558 527 563 522 568 1602 569 517 562 523 567 518 561 529 562 524 566 519 561 552 539 519 560 532 559 526 564 1611 560 529 561 521 559 531 559 526 565 1596 564 1598 563 13949 
        name DRY_AUTO_22
4427 4428 569 1596 564 1595 565 1597 564 1599 562 524 566 520 562 1599 559 527 563 537 564 521 558 533 568 544 535 1598 569 1597 642 540 574 1616 547 525 564 522 572 521 566 519 565 540 567 517 562 1598 562 1599 625 1546 561 1602 558 1622 562 1601 559 1604 567 1594 565 521 560 525 565 524 566 519 560 567 534 525 565 529 561 523 567 518 562 1599 562 541 561 1598 561 524 565 1596 568 526 560 525 565 520 558 597 504 527 564 530 560 525 565 520 559 526 565 527 562 1600 562 532 558 518 561 531 560 525 565 520 560 538 563 522 568 522 557 521 558 532 558 1603 569 517 563 1610 561 525 565 520 559 1602 560 1602 567 5605 4443 4419 567 1595 566 1604 566 1596 564 1598 563 523 567 518 561 1612 559 526 564 522 568 517 562 523 568 518 562 1599 562 1601 560 525 565 1614 568 518 561 528 562 524 567 518 561 536 569 516 559 1601 559 1603 568 1594 567 1595 575 1591 560 1600 560 1602 568 1594 566 538 563 526 564 528 563 522 568 532 558 527 563 522 558 527 563 521 558 1602 569 522 567 1593 567 536 565 1596 564 521 559 536 565 521 559 526 564 521 558 534 567 518 561 551 539 518 561 524 566 1598 566 520 567 519 560 564 537 521 559 526 564 525 565 520 560 526 564 520 563 563 534 1599 562 524 566 1595 565 529 561 525 587 1576 563 1598 563 13949 
        name DRY_AUTO_23
4439 4421 565 1597 563 1598 562 1600 561 1612 645 541 563 549 541 1607 564 522 569 517 563 559 532 526 564 536 565 1596 565 1600 561 526 574 1587 564 529 561 524 566 561 540 546 534 534 567 518 561 1599 561 1601 560 1602 569 1608 562 1598 563 1597 563 1599 561 1600 560 535 565 520 560 526 564 533 558 527 563 557 533 525 565 520 560 525 565 1595 566 531 558 1603 568 1594 567 519 560 533 567 518 562 524 567 518 561 528 563 550 541 545 535 560 541 517 563 523 568 1591 570 535 581 504 559 526 564 521 559 526 564 521 558 527 563 536 564 521 559 525 565 1600 561 1601 559 527 563 538 562 522 568 1595 566 1595 566 5607 4440 4424 561 1602 558 1610 561 1601 559 1603 568 518 562 538 563 1597 563 523 567 518 561 534 566 518 561 541 560 1600 560 1604 569 517 562 1599 561 524 566 520 560 571 541 517 563 523 568 527 562 1598 563 1599 561 1601 559 1619 562 1601 560 1612 559 1603 568 1594 566 520 613 496 562 519 560 525 565 554 536 522 568 526 564 521 558 527 563 1597 565 521 568 1592 567 1594 565 521 559 527 564 537 564 549 534 524 563 521 569 525 565 547 532 570 531 526 564 521 559 1612 558 528 565 521 567 530 560 552 538 547 532 525 565 520 560 552 538 519 561 555 535 1595 565 1597 563 523 568 518 562 564 537 1599 561 1599 562 13949 
        name DRY_AUTO_25
4435 4422 566 1596 561 1600 560 1602 569 1603 568 518 564 564 534 1626 534 525 566 520 559 553 538 521 559 526 564 1644 540 1595 563 523 567 1593 567 519 561 530 560 525 565 537 564 521 559 526 564 1634 537 1598 562 1600 560 1620 562 1598 561 1600 561 1601 560 1602 569 527 563 522 568 518 562 534 566 519 561 533 558 527 563 549 541 517 562 1599 562 534 567 1594 566 1596 564 1598 563 533 568 518 562 523 567 534 567 519 561 534 567 518 562 524 566 519 561 558 532 1603 558 527 563 522 568 524 566 518 561 524 567 531 559 530 560 521 559 526 564 526 564 1596 564 1597 563 1613 569 517 567 519 567 1593 567 1595 566 5611 4436 4423 562 1599 561 1607 564 1599 562 1602 559 526 564 533 567 1593 567 519 561 525 565 520 560 526 564 521 559 1602 559 1603 567 535 566 1595 565 521 558 531 559 526 565 522 557 539 562 523 567 1594 566 1596 565 1597 563 1599 562 1601 569 1594 567 1596 565 1598 562 541 560 526 564 531 559 526 564 535 565 520 560 525 565 523 556 525 565 1595 566 526 564 1597 564 1606 565 1601 561 524 565 520 560 526 565 520 559 526 564 521 561 543 566 519 565 520 566 530 561 1600 561 525 565 521 559 537 564 521 558 535 573 511 560 527 564 547 532 525 565 529 561 1599 561 1601 560 1606 565 527 563 523 568 1593 567 1595 566 13949 
        name DRY_AUTO_26
4435 4420 564 1598 562 1600 563 1599 559 1613 568 517 562 566 535 1598 562 524 566 520 563 549 538 547 532 526 565 1616 565 1597 564 522 568 1593 567 519 561 530 560 525 565 536 565 520 559 526 564 1606 565 1599 561 1600 560 1618 564 1598 562 1600 560 1601 559 1603 568 527 563 523 567 518 562 535 565 521 560 532 568 517 562 523 567 517 562 1598 562 1611 560 526 564 522 558 537 563 522 558 527 563 541 560 525 565 530 560 525 566 562 538 520 560 524 566 546 534 1600 561 525 565 525 565 520 559 559 531 527 563 522 558 527 563 522 558 527 563 1597 563 523 567 538 562 523 569 516 562 523 567 1603 568 1595 565 5614 4434 4419 566 1595 566 1596 564 1617 565 1601 560 523 567 518 562 1599 561 524 566 523 567 518 562 538 562 522 570 1602 568 1594 566 520 560 1602 559 527 567 528 559 527 563 521 558 527 563 521 558 1607 564 1598 562 1601 559 1601 559 1615 566 1596 565 1606 566 1593 568 518 561 524 566 554 536 521 558 546 566 519 560 525 566 519 559 560 541 1593 567 1595 566 535 566 519 560 534 571 514 562 551 539 518 561 551 539 527 563 522 568 517 562 531 559 527 588 505 553 1619 559 526 564 532 558 527 563 564 537 521 559 526 564 553 527 526 564 519 562 1604 564 521 569 522 568 518 562 523 567 520 560 1600 561 1605 566 13949 
        name HEAT_AUTO_19
4444 4417 565 1597 563 1599 562 1611 560 1599 561 525 565 520 559 1629 542 532 558 528 562 527 563 521 558 527 563 1637 534 1601 560 529 561 1600 560 526 565 529 561 524 566 526 564 549 531 527 563 1624 537 1600 645 1523 562 1600 560 1601 560 1618 617 1545 615 1547 560 525 565 521 559 526 564 555 534 523 568 553 537 520 559 526 564 520 559 1628 532 527 563 522 568 517 563 1598 563 537 564 522 568 517 562 522 568 517 562 555 535 523 567 535 567 519 560 551 539 1605 566 1596 564 522 568 531 563 522 564 521 558 527 563 531 560 525 565 520 559 542 559 554 537 555 537 1597 563 523 566 519 560 1600 560 539 561 5614 4433 4435 561 1598 561 1608 563 1599 561 1604 556 526 564 534 567 1594 566 520 560 525 565 520 559 526 563 522 558 1631 540 1594 567 536 565 1597 563 523 568 523 568 518 562 523 567 530 560 525 565 1623 538 1597 563 1601 560 1600 560 1604 567 1596 565 1598 566 1617 562 524 566 520 560 533 568 517 563 538 563 522 558 527 564 522 568 516 563 1624 536 528 562 524 567 534 567 1593 571 515 561 534 567 518 562 524 566 519 561 532 558 527 563 521 558 527 564 522 557 1608 563 1598 562 524 567 532 558 527 563 530 560 528 562 520 559 526 565 520 559 562 539 519 561 525 565 1605 566 522 560 525 563 1618 565 522 558 15089 
        name HEAT_AUTO_20
4440 4419 566 1596 564 1625 534 1608 565 1596 561 525 567 521 556 1602 559 542 561 525 562 527 564 522 558 528 574 1599 563 1627 532 526 564 1597 563 523 568 518 562 528 561 524 566 532 558 527 563 1599 563 1626 534 1610 561 1600 560 1602 558 1618 563 1599 578 1584 559 526 573 513 558 527 563 532 559 523 566 543 547 526 555 525 563 524 556 1604 568 517 562 523 567 1594 566 518 560 540 561 524 566 519 561 524 566 519 561 530 560 526 566 536 564 521 559 526 563 1607 564 1599 562 524 566 534 567 518 561 524 567 530 550 560 530 528 563 523 568 534 567 519 561 1609 563 520 559 527 563 522 558 1604 568 531 559 5612 4435 4437 560 1604 567 1600 561 1602 558 1603 567 518 562 537 564 1597 563 523 568 532 547 531 560 526 565 520 559 1617 564 1597 564 521 558 1603 568 526 566 520 558 543 558 527 563 522 558 527 563 1597 563 1599 563 1610 561 1600 560 1615 567 1596 565 1597 562 1610 561 525 565 531 549 531 560 532 558 527 563 522 568 517 563 531 559 538 552 1596 565 540 564 522 565 1602 559 529 561 523 567 518 562 538 563 526 565 520 559 534 567 518 562 540 561 524 567 519 561 1610 561 1602 559 527 595 490 589 503 587 498 592 493 597 488 592 493 597 495 612 473 606 505 580 1577 583 496 595 495 595 490 590 1571 589 496 595 14442 
        name HEAT_AUTO_21
4432 4424 560 1602 568 1596 564 1595 565 1607 564 522 568 518 561 1641 543 516 562 523 567 519 561 523 567 519 561 1626 534 1616 565 520 559 1602 569 517 563 523 568 524 566 519 561 570 530 527 564 1626 534 1601 559 1610 562 1601 559 1603 568 1608 563 1601 559 1603 568 518 562 524 566 553 537 522 558 540 561 524 566 556 534 524 566 519 561 1627 533 541 561 525 565 1596 565 1598 563 531 570 516 564 521 558 527 564 526 563 521 559 526 564 531 559 553 537 520 559 1648 534 1605 555 526 564 522 558 529 561 524 566 519 560 540 561 524 566 519 560 533 557 527 563 1645 537 1598 562 523 567 518 561 1604 556 525 565 5610 4439 4415 568 1601 559 1603 568 1594 566 1611 560 525 565 521 559 1606 564 521 558 535 566 519 560 540 561 524 567 1632 539 1595 565 521 558 1603 568 534 567 519 561 524 566 519 560 525 566 519 560 1631 530 1602 569 1593 567 1610 561 1601 559 1613 569 1594 567 1596 565 521 558 547 564 521 558 529 562 530 561 524 566 532 558 527 563 521 558 1602 569 517 563 526 564 1594 567 1595 565 537 564 522 568 517 563 522 568 517 564 527 562 523 567 562 539 519 561 524 566 1604 567 1596 567 519 568 532 559 527 563 522 558 527 563 531 560 525 590 495 559 533 568 518 594 1566 563 1600 560 525 597 489 591 1570 568 517 595 18851 
        name HEAT_AUTO_22
4438 4414 563 1602 566 1598 564 1599 562 1602 558 525 565 557 533 1627 533 525 565 534 567 518 561 524 567 525 565 1622 537 1598 562 544 568 1593 567 518 561 532 567 518 565 520 576 522 574 513 563 1625 535 1597 563 1608 564 1599 562 1602 560 1617 565 1598 563 1599 561 525 566 520 559 534 567 519 561 539 562 523 567 517 562 522 568 523 567 1620 540 519 561 1614 568 518 562 524 566 518 561 535 566 519 561 525 566 536 565 520 559 532 558 527 563 530 550 546 554 1634 537 1593 568 525 565 520 560 526 565 532 559 528 563 522 558 540 561 524 566 519 561 1636 535 524 566 536 565 523 557 525 564 1623 538 521 559 5619 4438 4417 569 1593 566 1603 570 1594 566 1616 566 520 560 529 561 1597 563 523 568 524 566 519 560 539 562 524 567 1605 566 1596 565 521 558 1603 568 518 562 535 566 519 560 525 565 520 560 534 567 1621 540 1595 571 1607 580 1583 566 1596 565 1602 570 1593 567 1595 565 524 555 527 563 536 565 521 559 526 564 530 561 525 566 519 561 543 558 1603 568 518 562 1605 566 520 560 525 565 520 559 536 565 519 560 525 565 520 563 522 574 513 557 543 548 520 559 541 560 1600 561 1602 569 517 563 527 563 524 568 517 563 535 566 520 560 525 567 518 560 526 565 1603 569 517 561 541 560 525 597 488 591 1580 559 527 596 17796 
        name HEAT_AUTO_23
4432 4422 562 1600 560 1602 572 1590 567 1605 619 467 559 541 560 1601 559 527 562 537 555 551 528 549 541 517 563 1619 562 1600 561 526 564 1596 564 522 568 523 567 545 534 567 534 524 566 519 560 1610 578 1585 622 1540 588 1590 560 1602 569 1593 567 1595 565 1597 564 532 569 516 563 549 541 529 561 525 565 554 536 521 569 520 560 522 568 1592 568 529 561 1600 560 526 565 1596 564 531 560 526 564 521 558 527 563 529 561 524 567 546 532 558 532 553 537 567 534 1599 561 1617 564 526 564 525 565 520 559 525 565 561 540 518 562 550 540 517 562 555 535 1600 561 523 567 1607 564 522 568 517 563 1598 563 524 571 5600 4442 4419 565 1596 564 1605 567 1597 564 1598 563 524 566 533 568 1593 567 519 561 524 568 555 533 525 565 559 531 1602 569 1593 567 519 561 1601 564 527 558 527 563 568 533 552 538 520 560 564 537 1596 567 1595 563 1599 561 1618 564 1598 562 1611 561 1601 571 1591 567 519 614 510 548 519 561 552 539 550 530 553 538 547 532 553 537 536 565 1596 565 522 568 1597 563 524 566 1594 588 514 565 521 559 553 537 548 531 554 536 554 540 545 531 571 541 545 535 523 567 1603 567 1595 565 521 570 530 560 551 537 548 532 553 537 529 561 551 539 546 533 563 538 1598 562 521 559 1611 560 526 564 522 558 1623 570 520 560 20418 
        name HEAT_AUTO_24
4440 4418 566 1616 565 1597 578 1592 564 1598 562 524 566 547 534 1600 560 542 559 553 538 521 558 535 567 518 561 1614 567 1595 566 548 532 1602 569 526 564 521 558 546 566 519 560 525 565 531 560 1601 559 1602 636 1535 557 1612 559 1603 568 1604 567 1603 557 1598 562 525 566 539 562 524 567 518 561 524 567 519 561 552 538 520 560 567 534 1600 560 526 564 1601 559 1603 568 518 562 540 561 552 538 519 560 552 538 520 560 530 560 524 565 537 564 521 559 526 564 1607 564 1599 562 534 556 548 552 518 561 524 566 519 561 564 537 518 563 523 567 525 565 1595 567 1596 563 523 568 518 562 524 566 1595 566 521 559 5615 4443 4409 564 1603 571 1592 566 1597 564 1613 569 517 565 521 567 1605 567 519 560 525 565 533 569 517 562 550 540 1606 565 1598 563 523 567 1594 568 529 559 526 564 521 559 561 540 518 562 523 567 1612 570 1592 567 1595 574 1588 563 1606 565 1597 567 1595 561 1623 559 528 562 525 566 518 561 524 566 527 563 523 567 523 558 521 568 530 561 1600 560 526 564 1607 564 1598 562 524 566 533 568 518 562 523 567 518 561 529 562 523 567 561 540 544 538 520 576 509 562 1598 563 1600 560 548 553 517 563 538 563 522 568 527 563 522 560 525 564 522 568 530 560 1601 559 1604 567 518 562 532 559 526 564 1597 563 523 568 21469 
        name HEAT_AUTO_25
4432 4424 559 1604 567 1594 566 1596 564 1598 562 523 567 519 561 1603 558 525 565 564 537 523 556 533 568 517 563 1625 535 1600 561 526 564 1612 559 527 564 522 568 525 565 547 532 544 567 519 560 1598 562 1600 625 1547 560 1603 558 1621 561 1601 559 1603 568 1594 566 520 559 526 571 519 564 521 559 568 533 525 565 557 533 525 566 519 560 1601 559 541 560 1601 559 1603 568 1594 566 530 560 525 565 520 559 541 559 526 564 558 532 526 564 521 558 537 564 521 559 1606 555 1603 568 518 561 529 561 524 566 519 560 538 563 522 558 528 562 522 557 533 558 1602 569 1593 567 1609 562 523 567 519 561 1600 560 525 565 5607 4440 4421 564 1599 562 1607 564 1598 562 1600 561 525 566 533 567 1593 567 518 561 524 566 546 533 525 565 520 559 1602 560 1602 568 534 567 1595 565 521 558 531 559 526 564 522 559 538 561 524 566 1593 567 1595 565 1598 563 1599 561 1603 568 1594 566 1597 563 1618 563 527 563 518 561 532 559 526 564 536 565 520 559 526 565 521 559 526 564 1598 563 527 563 1598 563 1612 559 1604 567 519 562 524 565 520 560 530 560 553 538 537 564 521 559 526 564 520 560 531 560 1601 559 1603 568 518 562 537 564 521 559 535 566 519 595 490 587 498 592 493 598 497 594 1567 562 1600 561 1602 569 527 596 490 589 1572 567 519 593 13664 
        name HEAT_AUTO_26
4435 4423 562 1598 563 1604 567 1596 565 1598 562 523 567 527 564 1597 563 523 567 546 534 535 566 547 533 533 567 1620 540 1594 651 435 559 1602 558 542 559 554 536 521 558 536 566 519 559 526 564 1633 539 1602 571 1592 567 1595 566 1596 564 1598 562 1600 560 1602 569 517 563 522 568 558 532 526 564 521 558 563 538 520 560 525 565 565 535 1598 567 1596 561 532 558 527 563 1598 563 536 565 520 559 526 564 521 559 535 565 520 560 540 561 523 568 518 561 525 566 1600 560 1602 569 517 562 538 563 522 572 513 563 522 568 553 537 521 559 526 564 1615 567 519 560 531 560 1601 569 517 563 524 566 1608 563 523 567 5608 4439 4428 568 1592 567 1602 569 1593 567 1598 563 521 559 541 560 1601 560 526 564 522 558 538 563 522 568 525 565 1596 564 1598 563 523 567 1594 566 529 561 527 564 538 563 522 568 517 562 534 567 1593 567 1595 565 1597 563 1615 566 1595 565 1608 563 1602 558 1601 559 527 585 521 559 527 563 522 558 527 563 522 557 528 563 522 568 533 568 1593 568 1595 566 526 564 522 558 1606 555 543 569 517 562 523 567 518 562 551 540 524 566 519 561 541 560 526 565 520 560 1611 560 1602 569 518 562 538 563 522 568 520 560 523 567 526 564 521 558 554 536 1610 561 524 566 520 560 1609 562 523 567 518 561 1620 562 524 566 12855 
        name HEAT_AUTO_27
4437 4421 563 1598 562 1603 558 1601 559 1608 563 523 567 546 533 1600 563 525 563 559 531 555 535 555 535 550 540 1620 540 1595 566 548 532 1618 564 522 568 517 562 531 559 526 564 530 560 525 565 1599 561 1598 563 1600 561 1608 563 1599 561 1601 560 1603 557 1621 561 525 565 520 559 537 553 532 558 526 564 565 536 522 568 517 563 533 558 1603 568 1594 566 533 568 1594 566 520 560 526 565 521 558 558 532 525 564 522 559 564 536 521 558 535 566 519 560 525 565 1595 565 1600 560 535 565 520 559 526 564 530 560 524 566 519 560 571 541 517 563 1609 562 523 567 1594 566 533 568 518 562 523 567 1598 563 519 560 5630 4428 4417 566 1603 569 1595 566 1596 564 1612 559 527 563 550 540 1593 567 522 558 524 566 520 560 525 565 536 564 1596 564 1598 562 524 567 1594 566 526 564 522 558 570 531 527 564 521 558 527 564 1600 560 1598 562 1609 562 1600 559 1615 566 1597 564 1600 560 1610 561 525 565 520 559 526 564 535 555 566 525 522 558 527 563 531 560 525 565 1596 565 1617 565 521 568 1600 561 525 565 521 559 527 564 536 565 520 559 529 562 559 532 526 564 571 530 549 541 517 563 1608 563 1600 561 526 565 533 568 518 562 550 540 545 534 523 567 521 559 527 564 1600 560 536 565 1596 564 532 558 527 563 522 568 1592 568 519 560 18978 
        name HEAT_AUTO_28
4434 4413 559 1604 567 1597 563 1599 561 1601 559 542 569 517 563 1629 531 524 577 542 537 548 532 541 560 525 565 1622 538 1597 563 522 568 1593 566 528 562 523 567 555 535 523 567 517 563 525 565 1631 539 1595 565 1596 649 1524 561 1600 560 1602 569 1599 561 1601 560 526 564 522 568 516 564 521 567 517 562 523 567 534 567 518 562 523 567 1621 539 1602 568 517 562 1599 561 1614 568 518 561 524 567 521 560 524 564 530 560 524 566 534 567 518 561 561 540 518 561 1630 530 1601 559 526 564 530 560 525 565 520 560 525 565 520 572 512 564 522 559 1629 541 532 569 1593 568 1605 566 525 555 526 564 1597 563 522 568 5603 4444 4424 561 1617 564 1597 563 1608 563 1599 562 524 569 516 560 1601 559 526 564 531 559 526 564 521 558 535 565 1596 565 1597 563 539 562 1600 561 526 564 531 559 526 564 539 561 520 559 526 564 1596 564 1598 563 1610 561 1601 560 1602 568 1609 562 1600 560 1602 561 524 563 522 568 522 568 517 563 536 565 520 560 526 564 521 559 526 564 1606 565 1596 564 537 564 1597 564 1609 562 527 563 520 560 525 565 520 559 537 564 521 559 527 564 530 560 525 565 520 559 1622 560 1602 559 527 563 527 563 522 568 518 562 535 568 518 559 526 564 521 558 1602 569 523 567 1594 566 1611 561 525 597 489 591 1570 569 527 595 13155 
        name HEAT_FAN4_18
4435 4419 565 1628 532 1626 533 1637 533 1628 531 527 563 522 568 1595 565 535 564 520 559 530 560 525 565 520 559 1614 567 1595 565 520 559 1600 569 517 563 523 567 523 567 518 562 537 564 522 558 1602 567 1595 566 1605 566 1597 563 1599 561 1615 567 1596 564 1599 561 525 565 521 563 523 563 527 563 522 557 539 562 523 567 518 561 524 567 1595 565 523 567 518 561 543 558 1603 568 518 562 523 567 529 561 524 566 1597 563 535 566 1595 565 531 559 526 564 522 558 1606 565 1595 565 533 568 517 562 523 567 527 563 522 557 528 562 532 559 529 562 1600 559 526 564 1603 568 1595 565 527 563 520 560 1602 558 530 570 5602 4489 4381 560 1619 566 1597 563 1602 558 1606 564 522 568 522 557 1599 614 471 565 532 558 527 563 522 567 526 564 1598 561 1601 559 525 565 1597 563 531 559 526 564 521 559 526 568 516 558 527 563 1598 562 1600 560 1617 564 1599 560 1601 559 1601 558 1604 567 1595 565 530 559 521 558 527 563 534 567 518 561 523 567 523 567 518 562 523 567 1596 617 484 564 520 559 526 564 1608 563 523 567 518 562 546 554 526 563 1608 563 523 567 1594 566 533 589 497 594 491 587 1584 588 1563 563 522 568 518 561 524 588 513 588 498 596 489 587 498 592 493 597 1565 562 523 567 1594 566 1609 561 524 567 519 559 1602 558 527 563 13586 
        name HEAT_FAN4_19
4441 4418 565 1599 561 1599 561 1609 561 1601 559 527 563 522 568 1596 563 536 566 520 560 530 560 525 565 520 559 1641 540 1622 538 520 559 1602 579 507 562 523 567 524 566 519 560 538 563 527 553 1603 567 1624 536 1606 565 1631 529 1599 561 1616 565 1597 563 1600 560 526 566 520 560 525 562 528 562 523 567 529 562 523 566 520 560 525 565 1596 564 524 566 520 559 1622 560 526 564 521 558 527 563 558 532 528 563 1598 561 536 564 1597 563 533 568 518 561 524 566 1595 565 1624 536 535 565 520 559 526 564 530 560 525 565 520 560 534 567 519 560 1600 559 526 564 530 560 525 565 537 563 522 562 1599 568 518 561 5610 4436 4418 565 1601 560 1599 561 1601 559 1604 567 521 559 527 563 1600 560 524 566 534 566 519 561 525 565 528 562 1599 561 1604 556 526 564 1598 563 533 568 517 562 523 567 525 565 521 558 527 564 1614 565 1597 616 1546 614 1548 559 1614 556 1602 568 1593 567 1617 565 523 567 518 561 532 558 526 564 536 565 520 559 526 564 521 559 527 563 1598 566 525 562 523 567 1605 565 520 559 526 564 522 558 527 563 526 563 1599 615 498 549 1602 569 517 562 533 556 529 562 1599 561 1601 559 543 568 517 562 530 561 525 565 519 613 487 592 493 598 490 589 1572 568 527 595 490 589 513 587 498 592 493 587 1585 596 489 590 17053 1137069 1116902 253 19911 79890 53790 227 25887 55914 34023 234 1286 285 2712 197 6014 286 20835 170807 149769 228 220 218 20387 
        name HEAT_FAN4_20
4431 4427 568 1594 566 1607 554 1626 534 1611 560 526 564 521 558 1618 564 522 568 517 575 521 558 527 563 522 557 1618 565 1596 562 524 567 1595 565 520 560 531 559 526 568 518 558 540 561 524 566 1595 565 1597 563 1608 562 1601 560 1602 558 1604 567 1607 563 1602 558 524 566 520 560 536 565 521 558 541 559 525 565 531 559 526 564 521 564 1597 558 543 568 517 562 1599 561 1601 559 537 564 520 560 525 564 520 559 1606 568 518 557 1603 568 518 561 536 565 520 560 1601 559 1603 567 533 568 517 562 533 568 517 562 524 566 534 567 518 561 524 566 1603 568 518 561 524 565 1609 564 522 558 527 563 1599 562 524 566 5606 4440 4424 561 1599 561 1609 562 1600 560 1602 611 474 562 538 563 1598 562 523 567 519 561 535 566 520 559 535 556 1605 566 1596 564 522 568 1593 567 528 563 526 554 548 564 522 558 537 553 533 568 1593 567 1595 565 1599 561 1616 566 1596 564 1609 562 1601 559 1603 568 518 615 491 567 518 561 524 566 526 564 522 558 540 561 524 565 519 560 1601 559 527 563 522 558 1604 567 1595 608 494 596 489 590 495 595 490 589 1572 588 504 596 1565 596 509 590 494 597 490 590 1581 568 1594 566 520 591 498 592 496 594 491 588 497 593 492 587 498 592 500 590 1571 568 532 589 496 596 1565 562 530 592 493 597 1565 563 522 589 20869 
        name HEAT_FULL_17
4432 4426 559 1600 560 1602 569 1593 567 1608 563 521 558 527 563 1612 559 527 563 522 568 517 562 550 541 544 534 1601 560 1615 566 520 559 1602 623 464 563 549 540 524 566 546 534 543 568 517 563 1599 561 1602 558 1613 558 1602 569 1593 567 1610 561 1604 567 1593 566 520 560 526 564 554 536 523 567 532 559 526 564 559 533 554 535 522 557 1602 569 533 568 517 562 523 567 527 563 549 541 544 535 568 533 525 565 1606 565 1597 563 523 568 531 559 535 560 544 531 1603 567 1593 567 519 560 525 565 520 560 542 559 525 564 521 559 528 562 523 567 1593 567 1599 561 520 559 567 534 525 565 519 561 1600 560 526 564 5622 4435 4418 557 1609 562 1601 559 1603 568 1613 558 524 566 519 560 1604 567 519 561 561 540 517 562 565 535 522 568 1605 565 1595 566 521 559 1602 569 534 567 522 557 524 566 518 561 524 566 546 533 1600 560 1602 569 1601 565 1606 559 1602 569 1603 567 1595 569 1593 563 523 567 538 562 550 540 545 534 558 532 526 564 561 540 549 530 551 540 1593 566 522 557 526 565 548 531 554 537 538 563 553 537 543 536 522 568 1603 568 1595 565 537 564 522 568 555 536 522 567 1593 565 1597 565 521 559 563 537 548 531 554 540 545 541 552 538 547 532 553 538 1608 563 1598 563 524 566 557 534 551 538 565 535 1598 562 524 566 13234 
        name HEAT_FULL_18
4432 4423 562 1618 564 1599 561 1609 562 1601 560 525 565 521 559 1629 542 532 569 517 563 550 540 552 539 519 559 1644 538 1604 558 519 570 1592 566 527 563 523 567 563 538 520 559 526 564 531 559 1629 542 1593 567 1594 566 1612 569 1595 565 1606 565 1597 563 1599 561 525 565 540 561 525 565 520 560 524 565 521 559 526 566 519 559 541 560 1601 559 528 562 526 564 521 558 1602 558 542 558 527 565 519 569 517 562 1598 563 1610 561 523 567 537 564 518 561 552 537 1607 565 1600 561 523 567 519 561 531 559 526 564 528 552 526 563 522 558 527 563 1598 563 1599 561 543 557 1603 573 513 562 534 556 1602 568 517 562 5609 4438 4419 564 1601 560 1603 568 1594 566 1611 560 526 565 521 558 1613 569 517 563 523 567 530 560 525 566 526 553 1601 559 1603 568 518 561 1605 566 519 560 539 562 523 568 518 562 551 540 519 560 1600 560 1602 569 1594 566 1609 562 1600 560 1603 568 1597 564 1595 566 530 560 525 565 521 559 538 563 521 558 527 563 527 563 521 559 526 564 1597 563 538 563 523 567 518 562 1612 559 524 566 519 560 544 568 517 563 1608 562 1600 561 526 565 533 568 518 562 523 567 1594 567 1595 565 521 561 524 563 522 568 533 568 517 562 523 567 518 562 523 567 1593 567 1597 565 521 558 1616 565 521 591 495 596 1565 563 527 584 19221 
        name HEAT_FULL_19
4434 4427 559 1603 568 1594 566 1604 567 1595 565 521 569 519 561 1598 562 539 562 551 539 523 567 555 535 523 568 1594 566 1595 565 521 559 1618 564 523 568 518 562 531 559 553 537 561 540 545 534 1601 560 1605 641 1530 557 1603 567 1598 563 1612 559 1602 560 1603 566 520 560 526 564 521 558 532 558 527 563 560 541 517 563 523 567 518 562 1600 561 527 563 549 541 1613 569 517 562 523 567 518 562 533 568 517 562 1598 562 1615 566 519 560 534 567 519 561 525 566 1594 565 1597 564 535 566 520 560 526 564 556 534 524 566 519 560 561 540 518 561 1599 562 1601 560 1602 569 518 561 525 566 520 560 1601 559 527 564 5608 4439 4428 567 1610 561 1601 560 1603 568 1599 561 525 565 521 559 1602 569 517 562 535 566 547 533 526 564 529 562 1599 561 1602 559 527 563 1598 562 532 569 517 563 524 566 518 562 524 567 519 561 1600 560 1601 559 1617 565 1597 563 1600 561 1601 559 1603 568 1596 564 525 566 520 560 526 564 532 558 554 536 522 558 532 558 527 564 522 558 1603 558 544 568 518 562 1599 561 535 566 520 561 524 565 539 562 550 540 1604 567 1595 565 521 559 540 561 526 565 519 560 1601 560 1602 569 517 563 523 567 519 561 542 559 552 539 519 560 552 538 520 560 1602 569 1593 567 1597 617 482 597 488 591 494 596 1565 563 522 589 21861 
        name HEAT_FULL_20
4435 4423 562 1600 561 1601 570 1593 568 1605 619 467 559 526 564 1611 560 527 564 549 531 554 536 549 541 552 527 1597 562 1615 567 520 560 1602 623 464 563 522 568 550 540 518 562 569 532 526 564 1600 561 1601 624 1518 642 1547 624 1539 568 1608 563 1602 559 1603 568 518 561 524 566 553 538 523 568 530 560 525 566 530 561 524 565 520 560 1609 551 542 559 527 563 1598 563 1599 561 533 568 518 563 523 566 518 561 1609 562 1600 561 527 564 529 560 552 538 539 563 1598 562 1600 560 526 564 529 561 524 566 519 561 565 536 522 558 555 535 522 568 1598 563 1601 559 1602 569 1608 563 526 564 521 558 1607 564 517 562 5619 4440 4416 568 1601 560 1603 568 1594 566 1610 561 526 565 521 558 1602 574 516 558 523 568 518 562 524 567 535 566 1595 566 1597 567 519 568 1593 567 525 565 521 559 541 560 525 565 547 532 553 538 1597 563 1598 563 1608 563 1599 561 1614 568 1595 565 1597 563 1613 558 524 565 547 532 553 539 531 559 527 564 549 530 554 536 558 533 525 565 1596 564 540 564 522 565 1602 569 1593 567 519 560 525 565 520 559 567 534 1601 560 1601 559 527 563 550 541 518 562 553 537 1593 567 1596 565 534 567 519 560 558 532 526 564 548 532 569 532 526 565 548 530 1603 568 1605 565 1597 563 1608 566 521 566 520 560 1601 559 526 564 14150 
        name HEAT_FULL_21
4436 4421 565 1597 563 1602 559 1601 560 1613 569 517 562 551 539 1609 562 524 568 518 560 534 567 545 534 539 563 1626 533 1600 560 549 567 1652 482 532 567 519 561 603 546 474 558 538 562 521 559 1631 543 1592 564 1597 564 1610 561 1601 559 1603 568 1598 563 1608 563 523 567 518 561 524 566 529 562 522 568 525 564 522 558 527 563 522 568 1592 568 528 562 1604 556 525 565 531 559 526 564 521 558 545 566 519 560 1610 567 1597 567 516 563 536 565 520 560 525 565 1596 564 1601 559 525 589 493 562 525 565 518 561 537 564 521 558 527 563 521 558 1609 563 522 567 518 559 538 621 461 562 524 571 1590 565 521 558 5623 4446 4409 563 1605 566 1597 576 1588 561 1615 567 521 559 525 565 1596 564 522 569 516 563 527 563 521 570 524 566 1596 563 1598 562 524 566 1596 563 529 562 525 565 539 562 523 567 518 561 534 567 1594 566 1596 564 1598 563 1605 566 1597 564 1616 555 1603 567 1595 565 521 558 527 563 526 564 521 559 545 566 518 561 524 566 530 560 525 565 1595 565 521 559 1626 561 516 559 534 566 519 561 524 566 519 560 524 566 1604 567 1595 565 521 559 527 563 530 560 526 564 1596 564 1598 563 537 564 518 560 525 565 520 560 553 538 520 559 526 564 521 559 1613 569 517 562 523 567 529 593 519 560 497 593 1588 562 524 598 20016 
        name HEAT_FULL_22
4433 4427 569 1593 567 1595 565 1597 563 1609 562 524 566 520 559 1616 566 520 559 526 564 521 558 527 563 548 534 1650 540 1594 566 547 533 1601 559 527 563 555 535 523 567 562 539 519 561 524 566 1605 566 1597 564 1600 561 1616 565 1597 563 1599 561 1601 559 1603 568 528 563 533 562 514 561 536 565 547 533 561 540 518 562 524 566 519 561 1599 561 536 565 1596 564 522 568 1593 567 527 563 523 567 518 561 523 567 1603 568 1594 566 520 559 527 564 521 559 527 564 1597 563 1599 562 525 565 530 561 525 565 520 560 552 538 528 562 523 567 518 561 1618 564 522 568 525 566 1595 566 520 559 527 563 1597 563 537 564 5607 4439 4433 563 1597 563 1606 565 1598 563 1599 562 525 564 522 558 1614 567 519 561 525 565 520 559 528 562 521 559 1602 568 1594 567 524 566 1596 565 524 566 530 560 525 566 528 562 523 567 518 561 1599 561 1601 559 1617 565 1596 564 1598 562 1610 561 1601 559 1603 568 518 561 524 566 533 558 528 562 529 561 524 567 519 560 541 560 551 539 1594 566 520 560 1601 559 533 568 1596 564 534 567 546 534 551 539 546 534 1600 560 1606 565 520 560 524 566 533 568 545 535 1599 561 1601 560 526 564 530 560 525 565 537 564 549 531 527 563 559 531 527 564 1597 566 535 563 521 559 1601 569 517 562 561 540 1593 567 519 560 19988 
        name HEAT_FULL_23
4433 4424 561 1599 561 1601 560 1604 567 1604 567 519 560 553 537 1611 560 525 565 520 559 536 565 518 560 540 561 1600 560 1601 559 527 563 1598 562 534 567 519 560 539 562 550 540 555 535 550 540 1593 567 1597 564 1597 563 1611 560 1602 569 1593 620 1542 618 1544 563 532 568 517 562 550 540 557 534 524 566 557 534 522 568 545 535 523 567 1593 567 530 561 1600 559 1603 568 518 561 559 531 527 563 522 568 517 562 1608 563 1600 561 524 565 556 534 524 566 537 563 1597 575 1588 566 520 565 556 534 524 566 519 561 537 564 521 558 527 563 522 568 1598 562 523 568 1593 566 533 568 518 562 523 567 1594 566 523 556 5622 4436 4417 565 1603 567 1595 565 1599 562 1614 568 518 561 525 566 1595 565 521 559 530 560 527 563 522 558 566 535 1598 562 1600 560 526 564 1606 555 528 562 523 566 561 540 518 561 523 567 518 561 1603 558 1601 559 1612 559 1603 568 1607 564 1599 563 1600 559 1602 569 527 563 522 568 545 535 540 568 516 567 518 561 531 558 527 563 521 558 1605 566 532 569 1594 574 1598 564 520 561 552 538 519 560 540 561 551 539 1597 563 1596 564 530 560 553 537 558 533 553 537 1596 565 1599 562 523 565 524 566 546 533 524 566 563 538 547 533 552 538 547 536 1608 559 527 563 1598 563 535 566 520 560 553 537 1607 564 521 570 17651 
        name HEAT_FULL_24
4435 4427 566 1596 564 1598 562 1608 563 1599 561 525 565 520 559 1602 569 533 557 528 563 554 536 549 541 517 563 1611 560 1602 569 517 563 1599 562 524 567 530 560 526 565 528 562 523 567 518 562 1600 560 1601 560 1603 643 1468 703 1514 647 1515 559 1603 558 1621 561 525 565 520 559 526 565 530 559 526 564 529 562 524 566 518 561 561 540 1594 566 520 560 1606 565 1598 563 1599 561 525 565 535 566 520 560 535 554 1599 562 1609 562 524 566 537 564 521 558 527 563 1607 564 1599 562 524 566 560 541 517 562 522 568 545 535 522 569 521 559 524 565 1595 565 535 565 1596 565 1608 563 524 567 519 561 1600 560 526 564 5607 4440 4429 567 1616 555 1601 559 1612 559 1603 568 518 562 524 566 1594 566 520 560 536 565 520 560 526 565 529 561 1600 560 1602 569 533 568 1594 566 520 560 536 565 520 561 540 561 524 565 547 532 1601 559 1603 568 1604 567 1598 563 1597 563 1614 567 1595 566 1596 564 521 569 518 562 527 563 522 568 517 563 531 559 526 564 520 562 524 564 1596 564 528 562 1600 561 1601 559 1618 563 524 568 517 562 533 568 518 562 1599 562 1614 567 518 565 548 539 520 567 527 565 1595 565 1597 563 537 564 522 557 527 564 556 539 519 566 538 563 522 568 517 562 1598 562 523 567 1597 564 1598 562 524 566 520 560 1618 564 522 568 20526 
        name HEAT_FULL_25
4430 4416 567 1595 565 1597 566 1596 561 1601 559 527 563 538 563 1625 535 523 567 529 561 523 567 562 540 516 561 1625 536 1600 559 527 563 1598 562 559 542 516 563 528 562 524 566 519 561 551 539 1625 535 1598 562 1601 559 1607 563 1614 567 1594 566 1595 564 1597 563 523 567 519 561 562 538 519 559 565 537 519 561 524 566 519 561 535 566 1595 563 1620 564 521 569 520 559 527 563 521 558 527 563 522 558 527 563 1610 561 1602 570 523 565 520 559 526 564 537 564 1596 564 1599 567 519 566 520 560 531 559 526 563 540 561 526 564 521 558 527 563 525 565 1596 565 521 557 537 564 521 558 527 563 1597 563 523 572 5606 4441 4413 565 1597 564 1606 565 1599 562 1619 563 523 567 519 560 1600 560 526 564 526 564 522 567 532 568 517 563 1608 562 1600 561 525 565 1601 560 528 561 524 567 534 567 518 562 523 567 518 562 1599 561 1605 556 1606 565 1597 563 1599 561 1616 565 1598 562 1599 561 525 565 520 559 557 541 516 565 561 543 515 561 524 566 519 561 552 538 1595 565 1598 563 524 566 533 567 519 561 523 566 546 534 529 561 524 566 1594 566 1614 557 526 564 548 531 527 563 559 531 1602 569 1593 567 521 558 566 535 549 541 553 537 548 532 554 536 521 558 527 563 529 561 1602 558 525 565 521 559 526 564 521 558 1602 569 517 563 20614 
        name HEAT_FULL_26
4435 4421 561 1602 558 1603 568 1594 566 1606 565 521 558 527 564 1613 568 543 535 522 568 554 536 522 557 555 535 1598 562 1601 560 526 564 1596 564 536 565 521 559 527 563 530 560 553 538 526 552 1621 560 1602 569 1593 567 1602 569 1592 567 1615 566 1596 564 1598 562 523 567 519 560 534 567 517 562 537 563 522 558 538 563 522 558 527 563 1598 563 1615 567 519 561 525 565 1596 564 529 560 526 564 521 559 526 565 1606 564 1597 563 523 567 527 563 522 568 540 560 1596 564 1598 562 524 566 554 536 522 567 545 535 536 565 519 560 526 567 518 559 531 559 1601 559 527 563 1610 566 521 565 520 559 1601 559 527 563 5608 4437 4422 563 1599 560 1610 561 1601 559 1603 568 518 561 540 561 1599 562 524 566 520 560 536 565 520 559 537 564 1600 560 1599 561 524 566 1596 564 528 563 523 567 560 540 519 563 521 567 518 562 1599 562 1600 560 1611 560 1605 566 1601 559 1605 566 1597 563 1612 549 524 565 520 560 530 560 525 565 562 539 519 561 524 566 519 560 524 569 1591 566 1604 567 519 561 540 561 1600 560 525 565 557 533 524 565 521 559 1601 559 1614 567 519 560 525 568 544 532 558 532 1601 559 1603 568 518 562 537 564 521 558 563 540 518 559 526 566 520 560 553 537 530 592 1568 560 526 564 1602 559 531 591 495 595 1565 563 523 588 12823 
        name HEAT_FULL_27
4429 4425 560 1602 569 1593 642 1520 565 1597 563 526 564 519 561 1600 560 526 564 536 565 521 559 533 568 517 562 1600 560 1608 552 526 564 1612 569 517 562 523 567 553 537 521 559 545 566 520 559 1601 559 1603 568 1601 584 1580 566 1613 568 1594 566 1596 564 1598 562 524 566 519 560 556 533 524 566 534 567 546 534 534 567 519 561 525 565 1596 564 1612 559 527 563 1598 563 524 566 527 563 523 567 518 562 566 535 1599 562 1600 560 526 564 521 559 527 563 523 568 1607 563 1600 560 526 564 521 558 535 566 523 556 543 568 517 563 550 540 517 562 528 562 1598 562 1599 565 534 563 524 565 519 560 1600 560 526 564 5617 4440 4416 558 1610 560 1601 569 1593 567 1613 558 524 566 547 532 1601 559 527 563 523 568 545 535 551 539 534 568 1593 565 1596 564 522 568 1593 568 525 565 523 556 540 560 552 538 519 560 525 565 1595 565 1597 563 1608 564 1597 561 1614 567 1595 565 1597 567 1606 561 525 565 520 559 553 537 559 531 554 536 522 568 517 563 558 532 553 538 1595 564 1618 563 523 567 1600 560 530 561 522 568 517 563 523 567 556 534 1600 560 1602 569 518 561 551 541 545 534 551 539 1594 566 1596 564 535 566 547 535 556 531 554 536 549 530 570 531 555 535 523 567 545 534 1609 566 1597 559 545 567 546 533 551 539 1605 566 520 559 21168 
        name HEAT_FULL_28
4439 4418 564 1599 561 1600 560 1602 569 1603 567 519 560 552 538 1613 560 539 549 547 533 536 564 546 533 525 565 1608 562 1600 560 526 564 1597 617 470 567 523 567 518 561 524 566 532 562 552 535 1597 563 1598 562 1609 561 1601 560 1603 568 1609 562 1600 560 1601 569 517 563 523 567 527 562 521 558 569 532 526 563 538 554 525 564 521 558 1602 559 1619 562 524 566 1594 566 1597 563 533 568 517 568 517 568 546 532 1609 562 1611 560 526 564 523 567 547 538 518 569 1592 566 1596 564 522 568 530 560 525 565 520 558 543 548 536 555 523 566 546 533 541 559 1601 559 1611 559 1607 564 518 561 524 566 1594 566 536 565 5608 4437 4435 560 1597 563 1606 565 1598 562 1614 547 525 564 534 567 1594 566 520 559 526 564 521 558 555 535 526 564 1593 567 1595 565 538 563 1598 562 525 566 551 539 520 561 524 565 560 530 527 563 1599 561 1600 560 1606 565 1593 567 1598 563 1600 560 1602 569 1615 567 518 561 525 565 528 563 550 541 560 541 517 563 549 544 540 535 550 540 1593 567 1602 569 517 563 1610 561 1604 557 527 563 550 540 517 562 555 535 1598 615 1571 557 525 566 519 559 534 567 546 533 1600 560 1602 569 534 571 519 558 529 560 552 538 520 560 541 559 553 537 548 531 554 536 1606 564 1598 562 1620 561 525 565 547 532 1612 558 529 562 18847 
        name HEAT_FULL_29
4430 4427 620 1543 564 1600 560 1600 560 1612 569 517 563 523 567 1616 555 523 567 520 559 534 567 516 562 538 577 1585 563 1598 561 525 565 1596 564 532 569 516 570 529 564 521 558 537 563 521 559 1602 568 1594 566 1596 564 1609 561 1602 559 1603 568 1594 566 1596 564 532 558 527 563 524 568 527 563 522 566 527 563 522 558 527 563 522 568 1593 567 1606 565 1597 563 523 567 518 561 532 569 517 563 522 568 517 562 1609 561 1599 561 525 565 530 561 524 566 522 568 1597 563 1595 565 520 559 539 561 524 566 519 561 524 566 528 562 522 566 520 561 540 561 524 566 525 565 520 559 526 564 536 568 1593 563 523 567 5603 4444 4423 560 1602 569 1604 556 1602 569 1593 567 520 560 540 561 1600 561 527 564 520 559 537 564 521 558 543 568 1593 567 1595 565 525 565 1593 568 519 561 525 566 538 563 522 568 517 562 533 567 1594 566 1595 565 1597 563 1616 566 1596 566 1606 562 1600 560 1602 568 518 561 544 568 517 564 521 567 526 564 521 559 535 565 520 559 526 564 1597 563 1599 561 1605 565 521 559 527 563 536 565 520 559 526 564 521 559 1605 568 1602 568 517 562 541 560 524 565 519 560 1611 564 1598 568 518 561 526 564 526 564 521 559 527 563 522 568 517 564 522 569 517 562 523 567 531 560 525 564 521 558 527 564 1603 572 515 561 18805 
        name a1*

        name a2*

      end raw_codes
end remote
